0.896049896	0.089941641	0.109574715	0.090909091	0.246246246	0.51	0.712765957	0	0
0.941787942	0.121524202	0.777480827	0.11942959	0.540540541	0.33	0.095744681	0	0
0.941787942	0.150017164	0.798164072	0.11942959	0.438438438	0.33	0.138297872	0	0
0.953222453	0.114315139	0.090053451	0.160427807	0.249249249	0.97	0.425531915	0.03125	0
0.928274428	0.176107106	0.118754357	0.171122995	0.342342342	0.99	0.191489362	0	0
0.959459459	0.292825266	0.567046247	0.262032086	0.666666667	0.29	0.574468085	0	0
0.959459459	0.305183659	0.575877295	0.151515152	0.723723724	0.27	0.329787234	0	0
0.951143451	0.499141778	0.706716244	0.190730838	0.24024024	0.86	0.234042553	0	0
0.945945946	0.444558874	0.804787358	0.124777184	0.393393393	0.63	0.574468085	0	0
0.961538462	0.302094061	0.811759238	0.126559715	0.684684685	0.4	0.425531915	0	0
0.961538462	0.302094061	0.811759238	0.126559715	0.534534535	0.51	0.765957447	0	0
0.964656965	0.251287333	0.82849175	0.40285205	0.57957958	0.38	0.425531915	0	0
0.66008316	0.243048404	0.773065303	0.01426025	0.510510511	0.72	0.712765957	0	0
0.944906445	0.434260213	0.79769928	0.124777184	0.63963964	0.42	0.234042553	0	0
0.965696466	0.457603845	0.812921218	0.16399287	0.792792793	0.21	0.478723404	0	0
0.96985447	0.484723653	0.829537532	0.247771836	0.687687688	0.44	0.574468085	0	0
0.953222453	0.122897357	0.093887985	0.139037433	0.453453453	0.27	0.574468085	0	0
0.882536383	0.112598696	0.771787125	0.053475936	0.501501502	0.47	0.521276596	0	0
0.927234927	0.095777549	0.082268185	0.112299465	0.477477477	0.35	0.425531915	0	0
0.897089397	0.094061105	0.112828259	0.090909091	0.279279279	0.44	0.478723404	0	0
0.945945946	0.444558874	0.804787358	0.124777184	0.54954955	0.4	0.287234043	0	0
0.954261954	0.269481634	0.841622124	0.16399287	0.573573574	0.38	0.287234043	0	0
0.98024948	0.330587024	0.232396003	1	0.630630631	0.44	0.478723404	0	0
0.937629938	0.380707175	0.624448059	0.110516934	0.585585586	0.43	0.617021277	0	0
0.971933472	0.478544456	0.690448524	0.361853832	0.711711712	0.32	0.617021277	0	0
0.95010395	0.488843117	0.69881478	0.188948307	0.489489489	0.6	0.574468085	0	0
0.96049896	0.404737384	0.776202649	0.217468806	0.570570571	0.34	0.617021277	0	0
0.944906445	0.434260213	0.79769928	0.124777184	0.582582583	0.48	0.138297872	0	0
0.970893971	0.499141778	0.838252382	0.144385027	0.906906907	0.24	0.287234043	0	0
0.971933472	0.512530038	0.846618638	0.144385027	0.684684685	0.39	0.382978723	0	0
0.98024948	0.292138689	0.804438764	0.28342246	0.762762763	0.24	0.382978723	0	0
0.920997921	0.315139032	0.824889612	0.126559715	0.336336336	0.78	0.808510638	0	0
0.920997921	0.239272228	0.821287474	0.103386809	0.618618619	0.37	0.191489362	0	0
0.953222453	0.259526262	0.834650244	0.139037433	0.531531532	0.39	0.382978723	0	0
0.954261954	0.269481634	0.841622124	0.16399287	0.636636637	0.32	0.287234043	0	0
0.938669439	0.277033986	0.848477806	0.112299465	0.546546547	0.62	0.478723404	0	0
0.941787942	0.121524202	0.777480827	0.11942959	0.651651652	0.24	0.478723404	0	0
0.935550936	0.142464813	0.793167558	0.155080214	0.339339339	0.6	0.574468085	0	0
0.941787942	0.150017164	0.798164072	0.11942959	0.534534535	0.27	0.425531915	0	0
0.915800416	0.088225197	0.078549849	0.067736185	0.423423423	0.43	0.287234043	0	0
0.826403326	0.208032956	0.426098071	0.026737968	0.6996997	0.37	0.329787234	0	0
0.937629938	0.332646756	0.725307925	0.158645276	0.552552553	0.42	0.712765957	0	0
0.985446985	0.371781668	0.751917267	0.303030303	0.498498498	0.54	0.574468085	0	0
0.961538462	0.302094061	0.811759238	0.126559715	0.588588589	0.48	0.287234043	0	0
0.936590437	0.284586337	0.854868696	0.110516934	0.387387387	0.74	0.521276596	0	0
0.98024948	0.292138689	0.804438764	0.28342246	0.777777778	0.24	0.425531915	0	0
0.944906445	0.434260213	0.79769928	0.124777184	0.441441441	0.7	0.382978723	0	0
0.979209979	0.213868864	0.514640948	0.196078431	0.690690691	0.36	0.329787234	0	0
0.906444906	0.082046001	0.075180107	0.073083779	0.354354354	0.35	0.191489362	0	0
0.910602911	0.179196704	0.120613525	0.08912656	0.33033033	0.46	0.617021277	0	0
0.965696466	0.470305527	0.820822682	0.16399287	0.624624625	0.17	0.138297872	0	0
0.937629938	0.341915551	0.733441785	0.112299465	0.645645646	0.34	0.234042553	0	0
0.957380457	0.381737041	0.760051127	0.171122995	0.612612613	0.42	0.521276596	0	0
0.957380457	0.381737041	0.760051127	0.171122995	0.612612613	0.42	0.521276596	0	0
0.953222453	0.392378991	0.768417383	0.112299465	0.528528529	0.45	0.382978723	0	0
0.965696466	0.470305527	0.820822682	0.16399287	0.831831832	0.24	0.234042553	0	0
0.938669439	0.277033986	0.848477806	0.112299465	0.534534535	0.63	0.521276596	0	0
0.962577963	0.159629248	0.803857774	0.156862745	0.414414414	0.5	0.287234043	0	0
0.873180873	0.03192585	0.03950732	0.037433155	0.417417417	0.4	0.574468085	0	0
0.9002079	0.045314109	0.049965141	0.094474153	0.369369369	0.51	0.095744681	0	0
0.928274428	0.176107106	0.118754357	0.171122995	0.345345345	0.39	0.617021277	0	0
0.928274428	0.176107106	0.118754357	0.171122995	0.165165165	0.59	0.670212766	0	0
0.966735967	0.258496395	0.542179875	0.137254902	0.564564565	0.35	0.521276596	0	0
0.937629938	0.341915551	0.733441785	0.112299465	0.624624625	0.33	0.287234043	0	0
0.946985447	0.354273944	0.742272833	0.103386809	0.693693694	0.31	0.329787234	0	0
0.953222453	0.392378991	0.768417383	0.112299465	0.558558559	0.44	0.478723404	0	0
0.96049896	0.404737384	0.776202649	0.217468806	0.690690691	0.37	0.478723404	0	0
0.96049896	0.404737384	0.776202649	0.217468806	0.588588589	0.33	0.574468085	0	0
0.96049896	0.404737384	0.776202649	0.217468806	0.588588589	0.33	0.670212766	0	0
0.953222453	0.114315139	0.090053451	0.160427807	0.516516517	0.26	0.478723404	0	0
0.948024948	0.165808445	0.113641645	0.222816399	0.474474474	0.27	0.808510638	0	0
0.98024948	0.292138689	0.804438764	0.28342246	0.531531532	0.37	0.382978723	0	0
0.953222453	0.114315139	0.090053451	0.160427807	0.468468468	0.25	0.670212766	0	0
0.923076923	0.505664264	0.714036719	0.160427807	0.51951952	0.43	0.478723404	0	0
0.96985447	0.484723653	0.829537532	0.247771836	0.828828829	0.3	0.138297872	0	0
0.875259875	0.023343632	0.030908668	0.137254902	0.201201201	0.79	0.329787234	0	0
0.9002079	0.045314109	0.049965141	0.094474153	0.471471471	0.43	0.329787234	0	0
0.910602911	0.179196704	0.120613525	0.08912656	0.249249249	0.72	0.329787234	0	0
0.936590437	0.370751802	0.615617011	0.222816399	0.441441441	0.66	0.287234043	0	0
0.945945946	0.416065911	0.652567976	0.124777184	0.648648649	0.19	0.712765957	0	0
0.95010395	0.488843117	0.69881478	0.188948307	0.585585586	0.39	0.670212766	0	0
0.937629938	0.341915551	0.733441785	0.112299465	0.537537538	0.44	0.234042553	0	0
0.985446985	0.371781668	0.751917267	0.303030303	0.558558559	0.51	0.478723404	0	0
0.957380457	0.381737041	0.760051127	0.171122995	0.498498498	0.47	0.095744681	0	0
0.953222453	0.392378991	0.768417383	0.112299465	0.606606607	0.45	0.382978723	0	0
0.965696466	0.470305527	0.820822682	0.16399287	0.645645646	0.15	0.095744681	0	0
0.965696466	0.470305527	0.820822682	0.16399287	0.762762763	0.27	0.234042553	0	0
0.965696466	0.470305527	0.820822682	0.16399287	0.672672673	0.34	0.234042553	0	0
0.971933472	0.512530038	0.846618638	0.144385027	0.75975976	0.36	0.382978723	0	0
0.953222453	0.122897357	0.093887985	0.139037433	0.522522523	0.25	0.521276596	0	0
0.937629938	0.332646756	0.725307925	0.158645276	0.441441441	0.59	0.617021277	0	0
0.953222453	0.122897357	0.093887985	0.139037433	0.522522523	0.24	0.574468085	0	0
0.959459459	0.292825266	0.567046247	0.262032086	0.624624625	0.32	0.670212766	0	0
0.95010395	0.488843117	0.69881478	0.188948307	0.546546547	0.43	0.521276596	0	0
0.946985447	0.354273944	0.742272833	0.103386809	0.702702703	0.22	0.287234043	0	0
0.932432432	0.308959835	0.818498722	0.085561497	0.534534535	0.64	0.138297872	0	0
0.872141372	0.027463096	0.035091796	0.046345811	0.381381381	0.48	0.191489362	0	0
0.717255717	0.008238929	0.01801069	0.012477718	0.522522523	0.24	0.574468085	0	0
0.95010395	0.488843117	0.69881478	0.188948307	0.348348348	0.87	0.478723404	0	0
0.95010395	0.488843117	0.69881478	0.188948307	0.594594595	0.39	0.574468085	0	0
0.95010395	0.488843117	0.69881478	0.188948307	0.594594595	0.39	0.574468085	0	0
0.923076923	0.505664264	0.714036719	0.160427807	0.432432432	0.66	0.574468085	0	0
0.985446985	0.371781668	0.751917267	0.303030303	0.603603604	0.4	0.425531915	0	0
0.961538462	0.415722623	0.783639321	0.153297683	0.723723724	0.29	0.478723404	0	0
0.853430353	0.012701682	0.010806414	0.051693405	0.159159159	0.78	0.329787234	0	0
0.892931393	0.066941298	0.066581455	0.049910873	0.381381381	0.52	0.670212766	0	0
0.95010395	0.105389633	0.086335115	0.13368984	0.546546547	0.29	0.329787234	0	0
0.937629938	0.341915551	0.733441785	0.112299465	0.642642643	0.33	0.329787234	0	0
0.961538462	0.302094061	0.811759238	0.126559715	0.60960961	0.45	0.329787234	0	0
0.920997921	0.315139032	0.824889612	0.126559715	0.522522523	0.56	0.574468085	0	0
0.892931393	0.066941298	0.066581455	0.049910873	0.411411411	0.43	0.617021277	0	0
0.953222453	0.114315139	0.090053451	0.160427807	0.564564565	0.18	0.478723404	0	0
0.932432432	0.308959835	0.818498722	0.085561497	0.684684685	0.39	0.382978723	0	0
0.954261954	0.269481634	0.841622124	0.16399287	0.567567568	0.35	0.287234043	0	0
0.915800416	0.088225197	0.078549849	0.067736185	0.474474474	0.27	0.808510638	0	0
0.915800416	0.088225197	0.078549849	0.067736185	0.465465465	0.27	0.670212766	0	0
0.953222453	0.122897357	0.093887985	0.139037433	0.348348348	0.3	0.670212766	0	0
0.953222453	0.122897357	0.093887985	0.139037433	0.456456456	0.27	0.521276596	0	0
0.936590437	0.136285616	0.100627469	0.110516934	0.318318318	0.3	0.425531915	0	0
0.966735967	0.258496395	0.542179875	0.137254902	0.588588589	0.36	0.329787234	0	0
0.951143451	0.499141778	0.706716244	0.190730838	0.309309309	0.74	0.234042553	0	0
0.951143451	0.499141778	0.706716244	0.190730838	0.513513514	0.43	0.574468085	0	0
0.96049896	0.426021284	0.790959795	0.151515152	0.675675676	0.42	0.574468085	0	0
0.877338877	0.25197391	0.780734371	0.057040998	0.537537538	0.45	0.329787234	0	0
0.98024948	0.292138689	0.804438764	0.28342246	0.594594595	0.5	0.574468085	0	0
0.962577963	0.159629248	0.803857774	0.156862745	0.618618619	0.24	0.574468085	0	0
0.910602911	0.179196704	0.120613525	0.08912656	0.27027027	0.49	0.234042553	0	0
0.971933472	0.512530038	0.846618638	0.144385027	0.516516517	0.43	0.329787234	0	0
0.95010395	0.130106419	0.782942133	0.092691622	0.477477477	0.46	0.382978723	0	0
0.962577963	0.159629248	0.803857774	0.156862745	0.462462462	0.35	0.095744681	0	0
0.708939709	0.073807072	0.101324657	0.01426025	0.462462462	0.4	0.287234043	0	0
0.906444906	0.082046001	0.075180107	0.073083779	0.42042042	0.39	0.329787234	0	0
0.928274428	0.176107106	0.118754357	0.171122995	0.318318318	0.46	0.521276596	0	0
0.974012474	0.277720563	0.796188706	0.319073084	0.528528529	0.42	0.329787234	0	0
0.915800416	0.088225197	0.078549849	0.067736185	0.447447447	0.38	0.287234043	0	0
0.971933472	0.478544456	0.690448524	0.361853832	0.528528529	0.52	0.617021277	0	0
0.96049896	0.426021284	0.790959795	0.151515152	0.516516517	0.58	0.138297872	0	0
0.944906445	0.434260213	0.79769928	0.124777184	0.468468468	0.66	0.329787234	0	0
0.891891892	0.165808445	0.364164536	0.069518717	0.540540541	0.42	0.287234043	0	0.000330021
0.945945946	0.444558874	0.804787358	0.124777184	0.651651652	0.38	0.234042553	0	0.000394192
0.944906445	0.434260213	0.79769928	0.124777184	0.657657658	0.39	0.191489362	0	0.000430861
0.992723493	0.342945417	0.596444341	0.235294118	0.6996997	0.31	0.478723404	0	0.000504199
0.936590437	0.370751802	0.615617011	0.222816399	0.636636637	0.51	0.946808511	0	0.000559202
0.935550936	0.176107106	0.344294678	0.155080214	0.498498498	0.53	0.574468085	0	0.000650875
0.992723493	0.342945417	0.596444341	0.235294118	0.714714715	0.32	0.574468085	0	0.000705878
0.98960499	0.452111226	0.672554032	0.185383244	0.822822823	0.22	0.425531915	0	0.000825052
0.936590437	0.136285616	0.100627469	0.110516934	0.396396396	0.4	0.574468085	0	0.000870888
0.877338877	0.25197391	0.780734371	0.057040998	0.726726727	0.28	0.382978723	0	0.000880056
0.985446985	0.371781668	0.751917267	0.303030303	0.522522523	0.43	0.712765957	0	0.000980895
0.974012474	0.277720563	0.796188706	0.319073084	0.711711712	0.25	0.478723404	0	0.001026732
0.961538462	0.19361483	0.50348594	0.126559715	0.696696697	0.39	0.574468085	0	0.001090902
0.936590437	0.235496052	0.412735301	0.128342246	0.744744745	0.29	0.234042553	0	0.001246746
0.936590437	0.175763817	0.492795724	0.110516934	0.738738739	0.43	0.191489362	0	0.001310916
0.98024948	0.292138689	0.804438764	0.28342246	0.603603604	0.47	0.521276596	0	0.001338418
0.970893971	0.499141778	0.838252382	0.144385027	0.888888889	0.27	0.287234043	0	0.001338418
0.985446985	0.371781668	0.751917267	0.303030303	0.492492492	0.47	0.138297872	0	0.001430091
0.970893971	0.499141778	0.838252382	0.144385027	0.858858859	0.27	0.234042553	0	0.001475927
0.957380457	0.381737041	0.760051127	0.171122995	0.552552553	0.45	0.382978723	0	0.001494261
0.957380457	0.381737041	0.760051127	0.171122995	0.615615616	0.35	0.425531915	0	0.001503429
0.96049896	0.404737384	0.776202649	0.217468806	0.570570571	0.34	0.617021277	0	0.001549265
0.936590437	0.136285616	0.100627469	0.110516934	0.483483483	0.29	0.329787234	0	0.001604268
0.98960499	0.452111226	0.672554032	0.185383244	0.60960961	0.41	0.425531915	0	0.001741777
0.941787942	0.171987642	0.116662793	0.139037433	0.456456456	0.31	0.904255319	0	0.001778446
0.961538462	0.415722623	0.783639321	0.153297683	0.534534535	0.56	0.191489362	0	0.001787613
0.932432432	0.308959835	0.818498722	0.085561497	0.534534535	0.67	0.234042553	0	0.001842617
0.882536383	0.062478544	0.063908901	0.053475936	0.159159159	0.7	0.478723404	0	0.001961791
0.957380457	0.381737041	0.760051127	0.171122995	0.498498498	0.47	0.095744681	0	0.0020993
0.997920998	0.436319945	0.662909598	0.294117647	0.702702703	0.33	0.478723404	0	0.002300979
0.948024948	0.165808445	0.113641645	0.222816399	0.438438438	0.26	1	0	0.002319314
0.98960499	0.452111226	0.672554032	0.185383244	0.621621622	0.45	0.234042553	0	0.002337648
0.965696466	0.457603845	0.812921218	0.16399287	0.657657658	0.35	0.191489362	0	0.002355983
0.88981289	0.31033299	0.708343017	0.117647059	0.522522523	0.5	0.425531915	0	0.00246599
0.95010395	0.488843117	0.69881478	0.188948307	0.603603604	0.39	0.574468085	0	0.002511826
0.944906445	0.434260213	0.79769928	0.124777184	0.531531532	0.39	0.234042553	0	0.002814345
0.937629938	0.332646756	0.725307925	0.158645276	0.426426426	0.53	0.191489362	0	0.003208537
0.937629938	0.332646756	0.725307925	0.158645276	0.60960961	0.39	0.521276596	0	0.004152763
0.847193347	0.031239272	0.064141297	0.048128342	0.174174174	0.54	0.617021277	0	0.004226101
0.937629938	0.341915551	0.733441785	0.112299465	0.576576577	0.44	0.287234043	0	0.004299439
0.936590437	0.284586337	0.854868696	0.110516934	0.54954955	0.45	0.234042553	0	0.004473617
0.923076923	0.505664264	0.714036719	0.160427807	0.432432432	0.66	0.574468085	0	0.00479447
0.96049896	0.426021284	0.790959795	0.151515152	0.717717718	0.32	0.712765957	0	0.004886143
0.882536383	0.112598696	0.771787125	0.053475936	0.573573574	0.32	0.425531915	0	0.004986983
0.902286902	0.053553038	0.056123635	0.069518717	0.372372372	0.53	0.234042553	0	0.005848704
0.953222453	0.166495022	0.808854288	0.197860963	0.504504505	0.45	0.478723404	0	0.00626123
0.976091476	0.465842774	0.681733674	0.26916221	0.624624625	0.34	0.521276596	0	0.006380404
0.945945946	0.444558874	0.804787358	0.124777184	0.528528529	0.46	0.329787234	0	0.006453742
0.928274428	0.176107106	0.118754357	0.171122995	0.345345345	0.39	0.617021277	0	0.006591251
0.944906445	0.434260213	0.79769928	0.124777184	0.630630631	0.42	0.234042553	0	0.00669209
0.943866944	0.143837968	0.103881013	0.140819964	0.399399399	0.42	0.095744681	0	0.006783763
0.942827443	0.151047031	0.107366953	0.098039216	0.345345345	0.6	0.425531915	0	0.007553812
0.948024948	0.165808445	0.113641645	0.222816399	0.351351351	0.33	0.425531915	0	0.007617982
0.98960499	0.452111226	0.672554032	0.185383244	0.726726727	0.28	0.287234043	0	0.007957171
0.985446985	0.371781668	0.751917267	0.303030303	0.738738739	0.22	0.478723404	0	0.007984672
0.965696466	0.457603845	0.812921218	0.16399287	0.72972973	0.25	0.425531915	0	0.00862638
0.985446985	0.371781668	0.751917267	0.303030303	0.738738739	0.22	0.478723404	0	0.009176415
0.976091476	0.465842774	0.681733674	0.26916221	0.705705706	0.36	0.574468085	0	0.009185582
0.847193347	0.031239272	0.064141297	0.048128342	0.174174174	0.54	0.617021277	0	0.010019801
0.965696466	0.470305527	0.820822682	0.16399287	0.645645646	0.15	0.095744681	0	0.010138975
0.945945946	0.444558874	0.804787358	0.124777184	0.417417417	0.59	0.670212766	0	0.010303986
0.66008316	0.243048404	0.773065303	0.01426025	0.678678679	0.38	0.382978723	0	0.010377324
0.945945946	0.444558874	0.804787358	0.124777184	0.648648649	0.33	0.234042553	0	0.010569836
0.936590437	0.129076553	0.097257727	0.128342246	0.372372372	0.54	0.382978723	0	0.011092369
0.872141372	0.029866117	0.037299558	0.037433155	0.264264264	0.68	0.234042553	0	0.011963258
0.95010395	0.130106419	0.782942133	0.092691622	0.606606607	0.37	0.287234043	0	0.012559129
0.941787942	0.171987642	0.116662793	0.139037433	0.453453453	0.64	0.425531915	0	0.012824979
0.965696466	0.470305527	0.820822682	0.16399287	0.663663664	0.34	0.191489362	0	0.013356679
0.971933472	0.478544456	0.690448524	0.361853832	0.687687688	0.31	0.765957447	0	0.014163397
0.945945946	0.444558874	0.804787358	0.124777184	0.621621622	0.37	0.234042553	0	0.015767665
0.96049896	0.404737384	0.776202649	0.217468806	0.588588589	0.33	0.670212766	0	0.017628616
0.974012474	0.277720563	0.796188706	0.319073084	0.696696697	0.26	0.521276596	0	0.021460526
0.941787942	0.150017164	0.798164072	0.11942959	0.552552553	0.25	0.329787234	0	0.02221224
0.971933472	0.478544456	0.690448524	0.361853832	0.153153153	0.96	0.617021277	0	0.023834843
0.98024948	0.292138689	0.804438764	0.28342246	0.603603604	0.47	0.521276596	0	0.023954017
0.910602911	0.179196704	0.120613525	0.08912656	0.33033033	0.46	0.617021277	0	0.025072421
0.953222453	0.122897357	0.093887985	0.139037433	0.510510511	0.27	0.521276596	0	0.026273331
0.953222453	0.122897357	0.093887985	0.139037433	0.510510511	0.27	0.521276596	0	0.026273331
0.96049896	0.426021284	0.790959795	0.151515152	0.507507508	0.6	0.138297872	0	0.027025045
0.920997921	0.315139032	0.824889612	0.126559715	0.372372372	0.73	0.670212766	0	0.027795094
0.965696466	0.457603845	0.812921218	0.16399287	0.582582583	0.19	0.138297872	0	0.029078508
0.936590437	0.136285616	0.100627469	0.110516934	0.456456456	0.27	0.329787234	0	0.02920685
0.937629938	0.341915551	0.733441785	0.112299465	0.486486486	0.59	0.329787234	0	0.029399362
0.96985447	0.484723653	0.829537532	0.247771836	0.558558559	0.49	0.382978723	0	0.032892083
0.910602911	0.179196704	0.120613525	0.08912656	0.33033033	0.46	0.617021277	0	0.033781306
0.917879418	0.515962925	0.360097606	0.121212121	0.402402402	0.79	0.382978723	0	0.033937149
0.936590437	0.284586337	0.854868696	0.110516934	0.462462462	0.57	0.478723404	0	0.034569689
0.971933472	0.512530038	0.846618638	0.144385027	0.687687688	0.39	0.521276596	0	0.044506985
0.953222453	0.166495022	0.808854288	0.197860963	0.483483483	0.44	0.425531915	0	0.0452587
0.958419958	0.280810161	0.558679991	0.212121212	0.603603604	0.34	0.478723404	0	0.053445052
0.971933472	0.512530038	0.846618638	0.144385027	0.84984985	0.26	0.329787234	0	0.058762055
0.958419958	0.280810161	0.558679991	0.212121212	0.492492492	0.43	0.425531915	0	0.065362473
0.965696466	0.457603845	0.812921218	0.16399287	0.792792793	0.21	0.478723404	0	0.081120971
0.971933472	0.512530038	0.846618638	0.144385027	0.834834835	0.27	0.329787234	0	0.087253859
0.945945946	0.444558874	0.804787358	0.124777184	0.561561562	0.43	0.287234043	0	0.094780169
0.877338877	0.25197391	0.780734371	0.057040998	0.72972973	0.36	0.329787234	0	0.096861135
0.961538462	0.415722623	0.783639321	0.153297683	0.531531532	0.25	0.329787234	0	0.141982326
0.95010395	0.488843117	0.69881478	0.188948307	0.588588589	0.41	0.617021277	0	0.180118074
0.961538462	0.415722623	0.783639321	0.153297683	0.546546547	0.46	0.191489362	0	0.184206666
0.945945946	0.444558874	0.804787358	0.124777184	0.564564565	0.4	0.234042553	0	0.19515236
0.961538462	0.415722623	0.783639321	0.153297683	0.753753754	0.27	0.425531915	0	1
0.851351351	0.010298661	0.009179642	0.062388592	0.402402402	0.75	0.191489362	0	0
0.914760915	0.059045657	0.050546131	0.067736185	0.456456456	0.51	0.287234043	0	0
0.862785863	0.079986268	0.099116895	0.040998217	0.501501502	0.2	0.329787234	0	0
0.979209979	0.419842087	0.68545201	0.229946524	0.462462462	0.66	0.425531915	0	0.009286421
0.954261954	0.601098524	0.814199396	0.245989305	0.657657658	0.73	0.808510638	0.15625	0
0.954261954	0.601098524	0.814199396	0.245989305	0.672672673	0.54	0.808510638	0	0.002631
0.954261954	0.601098524	0.814199396	0.245989305	0.804804805	0.38	0.670212766	0	0.000696711
0.954261954	0.601098524	0.814199396	0.245989305	0.771771772	0.39	0.574468085	0	8.25052E-05
0.958419958	0.314452455	0.585173135	0.171122995	0.621621622	0.7	0.234042553	0	0.000687544
0.967775468	0.539993134	0.774692075	0.240641711	0.861861862	0.28	0.287234043	0	0
0.967775468	0.539993134	0.774692075	0.240641711	0.651651652	0.4	0.042553191	0	0.00226431
0.967775468	0.539993134	0.774692075	0.240641711	0.804804805	0.25	0.329787234	0	0.000623373
0.967775468	0.539993134	0.774692075	0.240641711	0.720720721	0.36	0.329787234	0	0.000220014
0.967775468	0.539993134	0.774692075	0.240641711	0.663663664	0.37	0.382978723	0	0.000192512
0.955301455	0.374871267	0.657099698	0.142602496	0.642642643	0.38	0.287234043	0	0.001393422
0.952182952	0.474081703	0.722402975	0.112299465	0.567567568	0.41	0.329787234	0	0.009478934
0.90956341	0.264332303	0.807343714	0.08912656	0.66966967	0.46	0.425531915	0	0
0.979209979	0.402334363	0.675226586	0.196078431	0.717717718	0.41	0.234042553	0	0.007352132
0.979209979	0.402334363	0.675226586	0.196078431	0.642642643	0.44	0.287234043	0	0.000623373
0.954261954	0.586680398	0.804438764	0.244206774	0.618618619	0.59	0.095744681	0	0
0.954261954	0.586680398	0.804438764	0.244206774	0.711711712	0.4	0.191489362	0	0.00126508
0.972972973	0.336079643	0.629793168	0.256684492	0.84984985	0.32	0.425531915	0	0.008113014
0.952182952	0.385856505	0.665814548	0.158645276	0.336336336	0.84	0.808510638	0	0.003025192
0.952182952	0.385856505	0.665814548	0.158645276	0.642642643	0.42	0.329787234	0	0.00389608
0.946985447	0.484380364	0.731001627	0.126559715	0.57957958	0.39	0.382978723	0	0.001430091
0.98024948	0.575351871	0.795259122	0.231729055	0.654654655	0.53	0.329787234	0	0.00599538
0.974012474	0.350841057	0.639437602	0.260249554	0.663663664	0.54	0.808510638	0	0.000724213
0.98024948	0.452111226	0.705438066	0.404634581	0.582582583	0.55	0.425531915	0	0.000155843
0.957380457	0.523858565	0.764815245	0.254901961	0.711711712	0.24	0.329787234	0	0
0.957380457	0.523858565	0.764815245	0.254901961	0.630630631	0.32	0.329787234	0	0
0.957380457	0.523858565	0.764815245	0.254901961	0.573573574	0.53	0.287234043	0	0.004033589
0.957380457	0.523858565	0.764815245	0.254901961	0.654654655	0.56	0.329787234	0	0.000476697
0.957380457	0.523858565	0.764815245	0.254901961	0.603603604	0.58	0.478723404	0	0.008498038
0.957380457	0.523858565	0.764815245	0.254901961	0.606606607	0.47	0.425531915	0	0.002832679
0.877338877	0.093374528	0.410759935	0.121212121	0.144144144	0.57	0.904255319	0	0.008232188
0.873180873	0.09543426	0.412038113	0.094474153	0.153153153	0.61	0.85106383	0	0.01025815
0.879417879	0.090628218	0.409016965	0.035650624	0.153153153	0.61	0.521276596	0	0.004931979
0.887733888	0.087195331	0.406344411	0.046345811	0.138138138	0.21	0.904255319	0	0.016363536
0.887733888	0.087195331	0.406344411	0.046345811	0.138138138	0.21	0.904255319	0	0.009836456
0.887733888	0.087195331	0.406344411	0.046345811	0.138138138	0.21	0.904255319	0	0.020195446
0.887733888	0.087195331	0.406344411	0.046345811	0.138138138	0.21	0.904255319	0	0.008956401
0.88045738	0.091658084	0.409714153	0.073083779	0.066066066	0.59	0.521276596	0	0.008498038
0.887733888	0.087195331	0.406344411	0.046345811	0.153153153	0.24	0.904255319	0	0.022707271
0.882536383	0.094404394	0.410759935	0.060606061	0.126126126	0.51	0.425531915	0	0
0.903326403	0.022657055	0.021729026	0.057040998	0.264264264	0.35	0.329787234	0	0.001008397
0.885654886	0.016821147	0.018359284	0.112299465	0.225225225	0.46	0.85106383	0	0.022221407
0.976091476	0.582560934	0.47850337	0.219251337	0.702702703	0.4	0.670212766	0	0
0.948024948	0.62856162	0.508598652	0.222816399	0.378378378	0.9	0.808510638	0.03125	0
0.952182952	0.357706831	0.551824309	0.160427807	0.663663664	0.49	0.287234043	0	0
0.952182952	0.357706831	0.551824309	0.160427807	0.726726727	0.32	0.191489362	0	0
0.952182952	0.357706831	0.551824309	0.160427807	0.72972973	0.3	0.191489362	0	0
0.952182952	0.357706831	0.551824309	0.160427807	0.561561562	0.53	0.191489362	0	0
0.952182952	0.357706831	0.551824309	0.160427807	0.75975976	0.39	0.095744681	0	0.007333798
0.952182952	0.343975283	0.541831281	0.112299465	0.687687688	0.4	0.138297872	0	0.002420153
0.967775468	0.619292825	0.50058099	0.196078431	0.807807808	0.28	0.574468085	0	0.079250853
0.959459459	0.304840371	0.512316988	0.151515152	0.513513514	0.67	0.382978723	0	0.006022881
0.967775468	0.619292825	0.50058099	0.196078431	0.666666667	0.48	0.138297872	0	0
0.93970894	0.307243392	0.337903788	0.114081996	0.429429429	0.46	0.191489362	0	0.000825052
0.93970894	0.307243392	0.337903788	0.114081996	0.462462462	0.45	0.234042553	0	0
0.948024948	0.507380707	0.438298861	0.226381462	0.588588589	0.43	0.521276596	0	0
0.555093555	0.243734981	0.271670927	0.007130125	0.318318318	0.9	0.287234043	0	0
0.93970894	0.320288363	0.346386242	0.13368984	0.621621622	0.25	0.521276596	0	0
0.93970894	0.320288363	0.346386242	0.13368984	0.573573574	0.39	0.574468085	0	0.003226871
0.946985447	0.323034672	0.269695561	0.126559715	0.576576577	0.38	0.478723404	0	0
0.946985447	0.323034672	0.269695561	0.126559715	0.576576577	0.38	0.478723404	0	0
0.884615385	0.096120838	0.132233326	0.062388592	0.339339339	0.94	0.521276596	0	0
0.931392931	0.288705802	0.830002324	0.101604278	0.570570571	0.52	0.234042553	0	0
0.931392931	0.288705802	0.830002324	0.101604278	0.513513514	0.53	0.574468085	0	0.000375857
0.931392931	0.288705802	0.830002324	0.101604278	0.714714715	0.35	0.382978723	0	0.004748634
0.96049896	0.363199451	0.880897049	0.176470588	0.48048048	0.45	0.191489362	0	0
0.96049896	0.363199451	0.880897049	0.176470588	0.747747748	0.27	0.234042553	0	0
0.96049896	0.363199451	0.880897049	0.176470588	0.75975976	0.27	0.287234043	0	0
0.96049896	0.363199451	0.880897049	0.176470588	0.744744745	0.28	0.191489362	0	0.013099996
0.523908524	0.158599382	0.821055078	0.007130125	0.366366366	0.78	0.670212766	0	0
0.962577963	0.396155166	0.902974669	0.156862745	0.72972973	0.27	0.521276596	0	0
0.962577963	0.396155166	0.902974669	0.156862745	0.591591592	0.41	0.191489362	0	0.001448425
0.948024948	0.462409887	0.949918661	0.128342246	0.555555556	0.3	0.287234043	0	0
0.96049896	0.330243735	0.859168022	0.153297683	0.558558559	0.24	0.617021277	0	0
0.96049896	0.330243735	0.859168022	0.153297683	0.576576577	0.24	0.521276596	0	0.003465219
0.964656965	0.40851356	0.910411341	0.13368984	0.648648649	0.27	0.234042553	0	0
0.964656965	0.40851356	0.910411341	0.13368984	0.648648649	0.28	0.670212766	0	0.004042756
0.964656965	0.40851356	0.910411341	0.13368984	0.567567568	0.34	0.765957447	0	0.031498662
0.964656965	0.40851356	0.910411341	0.13368984	0.504504505	0.28	0.425531915	0	0.006609585
0.964656965	0.40851356	0.910411341	0.13368984	0.504504505	0.28	0.425531915	0	0.000925892
0.942827443	0.469962238	0.956077155	0.121212121	0.387387387	0.39	0.287234043	0	0.00199846
0.915800416	0.18297288	0.844643272	0.096256684	0.411411411	0.56	0.191489362	0	0.004051923
0.958419958	0.351184346	0.87322798	0.14973262	0.726726727	0.27	0.329787234	0	0
0.958419958	0.351184346	0.87322798	0.14973262	0.723723724	0.27	0.329787234	0	0
0.958419958	0.351184346	0.87322798	0.14973262	0.636636637	0.32	0.234042553	0	0
0.958419958	0.351184346	0.87322798	0.14973262	0.591591592	0.35	0.191489362	0	0
0.958419958	0.351184346	0.87322798	0.14973262	0.705705706	0.27	0.425531915	0	0.003052693
0.958419958	0.351184346	0.87322798	0.14973262	0.726726727	0.27	0.329787234	0	0.006032049
0.948024948	0.42705115	0.924122705	0.151515152	0.645645646	0.28	0.478723404	0	0.014337575
0.948024948	0.42705115	0.924122705	0.151515152	0.513513514	0.41	0.234042553	0	0.010285651
0.957380457	0.301064195	0.837903788	0.169340463	0.543543544	0.54	0.329787234	0	0.001952624
0.952182952	0.372124957	0.887752731	0.110516934	0.540540541	0.51	0.574468085	0	0
0.952182952	0.372124957	0.887752731	0.110516934	0.294294294	0.86	0.191489362	0	0
0.952182952	0.372124957	0.887752731	0.110516934	0.57957958	0.44	0.234042553	0	0
0.952182952	0.372124957	0.887752731	0.110516934	0.690690691	0.34	0.234042553	0	0.051373254
0.952182952	0.372124957	0.887752731	0.110516934	0.681681682	0.35	0.234042553	0	0.006857101
0.952182952	0.372124957	0.887752731	0.110516934	0.612612613	0.41	0.191489362	0	0.001347585
0.952182952	0.372124957	0.887752731	0.110516934	0.57957958	0.44	0.234042553	0	0.003602728
0.955301455	0.383453484	0.895073205	0.115864528	0.471471471	0.51	0.234042553	0	0
0.951143451	0.446618606	0.937834069	0.13368984	0.618618619	0.37	0.191489362	0	0
0.951143451	0.446618606	0.937834069	0.13368984	0.477477477	0.51	0.478723404	0	0.00199846
0.951143451	0.446618606	0.937834069	0.13368984	0.366366366	0.66	0.521276596	0	0.005592021
0.951143451	0.446618606	0.937834069	0.13368984	0.504504505	0.43	0.329787234	0	0.005344505
0.951143451	0.446618606	0.937834069	0.13368984	0.63963964	0.35	0.234042553	0	0.02584247
0.957380457	0.339855819	0.866023704	0.171122995	0.303303303	0.75	0.382978723	0	0
0.957380457	0.339855819	0.866023704	0.171122995	0.522522523	0.57	0.478723404	0	0
0.957380457	0.339855819	0.866023704	0.171122995	0.384384384	0.64	0.382978723	0	0.001503429
0.957380457	0.339855819	0.866023704	0.171122995	0.303303303	0.75	0.382978723	0	0.003401049
0.957380457	0.339855819	0.866023704	0.171122995	0.462462462	0.53	0.670212766	0	0.006701258
0.957380457	0.339855819	0.866023704	0.171122995	0.618618619	0.43	0.382978723	0	0.001860951
0.957380457	0.339855819	0.866023704	0.171122995	0.594594595	0.47	0.287234043	0	0.001576767
0.957380457	0.339855819	0.866023704	0.171122995	0.561561562	0.5	0.234042553	0	0.005472847
0.957380457	0.339855819	0.866023704	0.171122995	0.624624625	0.35	0.521276596	0	0.011972425
0.957380457	0.339855819	0.866023704	0.171122995	0.624624625	0.35	0.521276596	0	0.001155073
0.961538462	0.418812221	0.917615617	0.181818182	0.477477477	0.55	0.382978723	0	0
0.961538462	0.418812221	0.917615617	0.181818182	0.591591592	0.39	0.287234043	0	0
0.961538462	0.418812221	0.917615617	0.181818182	0.633633634	0.39	0.234042553	0	0.007443805
0.961538462	0.418812221	0.917615617	0.181818182	0.552552553	0.42	0.234042553	0	0.00099923
0.961538462	0.418812221	0.917615617	0.181818182	0.51951952	0.45	0.425531915	0	0.003611895
0.916839917	0.189495366	0.850917964	0.206773619	0.456456456	0.64	0.329787234	0	0.000476697
0.955301455	0.383453484	0.895073205	0.115864528	0.477477477	0.53	0.234042553	0	0.002686003
0.955301455	0.383453484	0.895073205	0.115864528	0.633633634	0.35	0.287234043	0	0.005179495
0.955301455	0.383453484	0.895073205	0.115864528	0.588588589	0.45	0.329787234	0	0.018361996
0.946985447	0.454170958	0.943643969	0.222816399	0.477477477	0.38	0.574468085	0	0.001604268
0.946985447	0.454170958	0.943643969	0.222816399	0.492492492	0.27	0.382978723	0	0
0.948024948	0.32372125	0.864977922	0.14973262	0.504504505	0.47	0.521276596	0	0.011587401
0.945945946	0.948506694	0.95874971	0.126559715	0.414414414	0.77	0.808510638	0	0
0.945945946	0.948506694	0.95874971	0.126559715	0.414414414	0.77	0.808510638	0	0.010138975
0.955301455	0.458633711	0.604810597	0.142602496	0.426426426	0.58	0.425531915	0	0
0.956340956	0.69756265	0.772135719	0.144385027	0.312312312	0.75	0.095744681	0	0
0.985446985	0.763474082	0.811759238	0.247771836	0.60960961	0.42	0.287234043	0	0
0.938669439	0.995537247	0.993841506	0.131907308	0.309309309	0.78	0.425531915	0	0.016776062
0.948024948	0.32372125	0.864977922	0.14973262	0.462462462	0.57	0.521276596	0	0.036073118
0.957380457	0.710607621	0.781547757	0.146167558	0.633633634	0.54	0.234042553	0	0
0.974012474	0.793340199	0.830931908	0.14973262	0.657657658	0.42	0.234042553	0	0.160087639
0.944906445	0.064881565	0.035556588	0.142602496	0.261261261	0.51	0.617021277	0	0
0.194386694	0.003776176	0.199163374	0	0.156156156	1	0.095744681	0	0
0.974012474	0.347751459	0.53311643	0.212121212	0.57957958	0.39	0.765957447	0	0.007086282
0.942827443	0.666323378	0.747153149	0.121212121	0.486486486	0.63	0.287234043	0	0.014970115
0.98960499	0.747339513	0.80176621	0.320855615	0.846846847	0.29	0.191489362	0	0.005372007
0.952182952	0.852729145	0.875900535	0.112299465	0.615615616	0.58	0.287234043	0	0.039299989
0.952182952	0.939924476	0.951777829	0.137254902	0.63963964	0.44	0.478723404	0	0.011165707
0.952182952	0.622382424	0.712293749	0.135472371	0.627627628	0.5	0.234042553	0	0.014667596
0.940748441	0.331960179	0.872066	0.203208556	0.618618619	0.55	0.574468085	0	0.022542261
0.944906445	0.064881565	0.035556588	0.142602496	0.348348348	0.48	0.574468085	0	0
0.985446985	0.779265362	0.821171276	0.213903743	0.6996997	0.34	0.329787234	0	0.026346669
0.985446985	0.779265362	0.821171276	0.213903743	0.6996997	0.34	0.329787234	0	0
0.88045738	0.032612427	0.067743435	0.073083779	0.225225225	0.71	0.670212766	0	0.009130578
0.946985447	0.313422588	0.857657448	0.128342246	0.621621622	0.46	0.287234043	0	0.027666752
0.945945946	0.948506694	0.95874971	0.126559715	0.657657658	0.43	0.425531915	0	0.064867442
0.970893971	0.051493306	0.029746688	0.203208556	0.456456456	0.19	0.808510638	0	0
0.874220374	0.01579128	0.054264467	0.039215686	0.159159159	0.68	0.191489362	0	0
0.883575884	0.030895984	0.066116663	0.062388592	0.303303303	0.62	0.191489362	0	0.047468006
0.940748441	0.331960179	0.872066	0.203208556	0.612612613	0.55	0.521276596	0	0.003336878
0.952182952	0.622382424	0.712293749	0.135472371	0.72972973	0.33	0.382978723	0	0.003327711
0.974012474	0.793340199	0.830931908	0.14973262	0.777777778	0.32	0.329787234	0	0
0.96985447	0.169927909	0.34592145	0.249554367	0.840840841	0.34	0.478723404	0	0
0.96985447	0.169927909	0.34592145	0.249554367	0.840840841	0.34	0.478723404	0	0.007480474
0.946985447	0.302780639	0.850220776	0.147950089	0.684684685	0.46	0.425531915	0	0.004537787
0.985446985	0.779265362	0.821171276	0.213903743	0.750750751	0.36	0.425531915	0	0
0.942827443	0.666323378	0.747153149	0.121212121	0.63963964	0.41	0.382978723	0	0
0.913721414	0.291108823	0.842551708	0.065953654	0.654654655	0.34	0.234042553	0	0.005537017
0.983367983	0.728115345	0.791192191	0.169340463	0.837837838	0.27	0.234042553	0	0
0.905405405	1	1	0.071301248	0.510510511	0.67	0.521276596	0	0.003621063
0.88045738	0.028149674	0.063908901	0.051693405	0.426426426	0.46	0.425531915	0	0
0.938669439	0.995537247	0.993841506	0.131907308	0.597597598	0.44	0.329787234	0	0.007150453
0.959459459	0.330243735	0.523123402	0.215686275	0.702702703	0.31	0.574468085	0	0
0.874220374	0.025060076	0.061352545	0.048128342	0.441441441	0.42	0.287234043	0	0
0.879417879	0.010985239	0.050662329	0.058823529	0.246246246	0.53	1	0	0.004235268
0.959459459	0.316168898	0.513711364	0.174688057	0.684684685	0.27	0.478723404	0	0.001494261
0.974012474	0.793340199	0.830931908	0.14973262	0.792792793	0.33	0.382978723	0	0
0.972972973	0.807071747	0.840227748	0.180035651	0.723723724	0.5	0.425531915	0	0
0.985446985	0.763474082	0.811759238	0.247771836	0.825825826	0.27	0.521276596	0	0.684133328
0.963617464	0.563336766	0.669068092	0.158645276	0.78978979	0.39	0.329787234	0	0.006435408
0.970893971	0.059388946	0.032884034	0.176470588	0.414414414	0.24	0.617021277	0	0
0.956340956	0.69756265	0.772135719	0.144385027	0.747747748	0.42	0.574468085	0	0.002236808
0.952182952	0.622382424	0.712293749	0.135472371	0.744744745	0.36	0.425531915	0	0.00279601
0.953222453	0.657054583	0.738903091	0.139037433	0.786786787	0.36	0.478723404	0	0.170290785
0.98960499	0.747339513	0.80176621	0.320855615	0.924924925	0.19	0.478723404	0	0
0.924116424	0.903192585	0.924819893	0.092691622	0.87987988	0.27	0.382978723	0	0.005775366
0.948024948	0.32372125	0.864977922	0.14973262	0.66966967	0.48	0.425531915	0	0.000660042
0.974012474	0.793340199	0.830931908	0.14973262	0.807807808	0.31	0.382978723	0	0.004546955
0.952182952	0.852729145	0.875900535	0.112299465	0.612612613	0.56	0.234042553	0	0
0.952182952	0.852729145	0.875900535	0.112299465	0.612612613	0.56	0.234042553	0	0
0.957380457	0.710607621	0.781547757	0.146167558	0.837837838	0.33	0.234042553	0	0.002154303
0.985446985	0.763474082	0.811759238	0.247771836	0.786786787	0.34	0.617021277	0	0
0.952182952	0.622382424	0.712293749	0.135472371	0.738738739	0.44	0.425531915	0	0.002933519
0.932432432	0.985925163	0.986869626	0.121212121	0.582582583	0.45	0.382978723	0	0
0.957380457	0.611053896	0.703346502	0.171122995	0.6996997	0.4	0.425531915	0	0.005830369
0.985446985	0.763474082	0.811759238	0.247771836	0.717717718	0.38	0.712765957	0	0
0.972972973	0.807071747	0.840227748	0.180035651	0.627627628	0.66	0.521276596	0	0.014062557
0.941787942	0.926192928	0.942598187	0.098039216	0.666666667	0.45	0.382978723	0	0
0.943866944	0.290765534	0.437601673	0.099821747	0.714714715	0.51	0.191489362	0	0
0.957380457	0.710607621	0.781547757	0.146167558	0.804804805	0.35	0.138297872	0	0.000495031
0.929313929	0.870580158	0.892865443	0.172905526	0.426426426	0.73	0.287234043	0	0
0.974012474	0.793340199	0.830931908	0.14973262	0.708708709	0.53	0.425531915	0	0.00589454
0.946985447	0.313422588	0.857657448	0.128342246	0.573573574	0.46	0.234042553	0	0.000302519
0.938669439	0.995537247	0.993841506	0.131907308	0.486486486	0.58	0.382978723	0	0
0.957380457	0.710607621	0.781547757	0.146167558	0.765765766	0.29	0.191489362	0	0.001127571
0.913721414	0.085478888	0.048338369	0.065953654	0.327327327	0.64	0.329787234	0	0.003071028
0.942827443	0.277720563	0.427957239	0.299465241	0.444444444	0.78	0.85106383	0	0
0.938669439	0.995537247	0.993841506	0.131907308	0.486486486	0.58	0.382978723	0	0.009130578
0.977130977	0.16443529	0.117011387	0.190730838	0.51951952	0.8	0.478723404	0	0
0.956340956	0.69756265	0.772135719	0.144385027	0.573573574	0.7	0.234042553	0	0
0.970893971	0.059388946	0.032884034	0.176470588	0.267267267	0.35	0.85106383	0	0
0.932432432	0.978029523	0.980711132	0.180035651	0.315315315	0.77	0.425531915	0	0
0.952182952	0.622382424	0.712293749	0.135472371	0.57957958	0.61	0.521276596	0	0
0.98960499	0.747339513	0.80176621	0.320855615	0.702702703	0.49	0.574468085	0	0.00589454
0.940748441	0.675592173	0.755170811	0.290552585	0.354354354	0.88	0.521276596	0	0.008901397
0.951143451	0.817713697	0.848942598	0.13368984	0.531531532	0.65	0.425531915	0	0
0.929313929	0.913834535	0.933418545	0.099821747	0.522522523	0.54	0.329787234	0	0
0.952182952	0.852729145	0.875900535	0.112299465	0.504504505	0.56	0.329787234	0	0
0.983367983	0.549261929	0.659075064	0.297682709	0.537537538	0.48	0.287234043	0	0
0.952182952	0.852729145	0.875900535	0.112299465	0.498498498	0.59	0.287234043	0	0
0.953222453	0.657054583	0.738903091	0.139037433	0.597597598	0.5	0.425531915	0	0.075858971
0.974012474	0.793340199	0.830931908	0.14973262	0.567567568	0.64	0.521276596	0	0.003043526
0.952182952	0.939924476	0.951777829	0.137254902	0.465465465	0.72	0.85106383	0	0.001778446
0.974012474	0.793340199	0.830931908	0.14973262	0.567567568	0.64	0.521276596	0	0
0.974012474	0.793340199	0.830931908	0.14973262	0.567567568	0.64	0.521276596	0	0
0.945945946	0.948506694	0.95874971	0.126559715	0.435435435	0.76	0.808510638	0	0.003401049
0.780665281	0.015104703	0.018824076	0.033868093	0.138138138	0.82	0.670212766	0	0.004941146
0.780665281	0.015104703	0.018824076	0.033868093	0.153153153	0.77	0.574468085	0	0.001961791
0.826403326	0.012358393	0.017778294	0.032085561	0.138138138	0.59	0.095744681	0	0.006270397
0.906444906	0.051836595	0.042877063	0.126559715	0.306306306	0.45	0.617021277	0	0.002915185
0.937629938	0.063508411	0.047757379	0.130124777	0.336336336	0.41	0.574468085	0	0.005087822
0.949064449	0.070717473	0.050546131	0.151515152	0.399399399	0.27	0.382978723	0	0.00605955
0.945945946	0.050120151	0.029746688	0.219251337	0.411411411	0.33	1	0	0.056039382
0.945945946	0.050120151	0.029746688	0.219251337	0.528528529	0.27	0.617021277	0	0
0.931392931	0.087195331	0.085637927	0.101604278	0.540540541	0.4	0.425531915	0	0.035275567
0.916839917	0.330243735	0.266093423	0.083778966	0.429429429	0.79	0.425531915	0	0.001778446
0.940748441	0.209749399	0.293516152	0.167557932	0.735735736	0.5	0.329787234	0	0.064464083
0.966735967	0.356333677	0.36799907	0.192513369	0.792792793	0.35	0.287234043	0	0.009240585
0.974012474	0.417782355	0.406925401	0.320855615	0.681681682	0.4	1	0	0.002924352
0.971933472	0.292825266	0.458982106	0.176470588	0.816816817	0.28	0.138297872	0	0.001613436
0.974012474	0.347751459	0.491982338	0.262032086	0.783783784	0.45	0.425531915	0	0.006747094
0.974012474	0.347751459	0.491982338	0.262032086	0.546546547	0.82	0.478723404	0	0.002025962
0.927234927	0.356676965	0.501510574	0.114081996	0.678678679	0.57	0.521276596	0	0.255335338
0.968814969	0.392722279	0.650708808	0.169340463	0.906906907	0.25	0.478723404	0	0.002520993
0.968814969	0.392722279	0.650708808	0.169340463	0.906906907	0.22	0.521276596	0	0
0.986486486	0.447305184	0.682198466	0.251336898	0.702702703	0.4	0.617021277	0	0.001182575
0.986486486	0.447305184	0.682198466	0.251336898	0.930930931	0.27	0.574468085	0	0
0.986486486	0.447305184	0.682198466	0.251336898	0.993993994	0.25	0.425531915	0	0.024229035
0.987525988	0.465156196	0.692888682	0.379679144	0.918918919	0.28	0.382978723	0	0.00189762
0.988565489	0.485066941	0.703927492	0.315508021	0.723723724	0.43	0.670212766	0	0.001833449
0.988565489	0.485066941	0.703927492	0.315508021	0.792792793	0.34	0.382978723	0	0.015034286
0.988565489	0.485066941	0.703927492	0.315508021	0.582582583	0.71	0.808510638	0	0.042811045
0.988565489	0.485066941	0.703927492	0.315508021	0.618618619	0.58	0.138297872	0	0
0.988565489	0.485066941	0.703927492	0.315508021	0.861861862	0.33	0.425531915	0	0
0.995841996	0.521798833	0.725191727	0.245989305	0.972972973	0.21	0.478723404	0	0
0.996881497	0.542396155	0.736230537	0.201426025	0.972972973	0.27	0.234042553	0	0
0.996881497	0.542396155	0.736230537	0.201426025	0.825825826	0.29	0.478723404	0	0.039712515
0.997920998	0.562993478	0.747153149	0.249554367	0.924924925	0.3	0.521276596	0	0.007874665
1	0.602471679	0.768998373	0.299465241	0.717717718	0.42	0.234042553	0	0
1	0.602471679	0.768998373	0.299465241	0.978978979	0.26	0.329787234	0	0.002539327
0.998960499	0.621695846	0.779920985	0.254901961	0.96996997	0.27	0.234042553	0	0.013457519
0.998960499	0.621695846	0.779920985	0.254901961	1	0.26	0.287234043	0	0.03716402
0.998960499	0.621695846	0.779920985	0.254901961	0.81981982	0.63	0.521276596	1	0.009918962
0.998960499	0.621695846	0.779920985	0.254901961	0.648648649	0.65	0.521276596	0.125	0
0.998960499	0.621695846	0.779920985	0.254901961	0.648648649	0.65	0.521276596	0.125	0
0.998960499	0.621695846	0.779920985	0.254901961	0.621621622	0.69	0.521276596	0.0625	0
0.982328482	0.478544456	0.800720428	0.356506239	0.876876877	0.3	0.521276596	0	0.001787613
0.982328482	0.478544456	0.800720428	0.356506239	0.867867868	0.29	0.521276596	0	0.045460379
0.945945946	0.560247168	0.864977922	0.180035651	0.801801802	0.35	0.191489362	0	0.005317003
0.945945946	0.57294885	0.874506158	0.126559715	0.555555556	0.73	0.904255319	0	0
0.945945946	0.57294885	0.874506158	0.126559715	0.777777778	0.41	0.382978723	0	0
0.945945946	0.57294885	0.874506158	0.126559715	0.777777778	0.41	0.382978723	0	0
0.945945946	0.57294885	0.874506158	0.126559715	0.633633634	0.71	0.808510638	0.21875	0.001989293
0.945945946	0.57294885	0.874506158	0.126559715	0.546546547	0.62	0.574468085	0	0.000394192
0.848232848	0.194644696	0.773413897	0.033868093	0.834834835	0.35	0.287234043	0	0
0.848232848	0.194644696	0.773413897	0.033868093	0.834834835	0.32	0.287234043	0	0.005903707
0.848232848	0.194644696	0.773413897	0.033868093	0.657657658	0.71	0.617021277	0	0.049768985
0.848232848	0.194644696	0.773413897	0.033868093	0.636636637	0.7	0.712765957	0	0.010230648
0.981288981	0.50120151	0.714269115	0.201426025	0.768768769	0.42	0.425531915	0	0
0.826403326	0.010298661	0.123983267	0.019607843	0.354354354	0.31	0.478723404	0	0